(0000000001, 1101101001), 
(0000000010, 0100001000), 
(0000000100, 0000101010), 
(0000001000, 1110011000), 
(0000010000, 0111001100), 
(0000100000, 1101100000), 
(0001000000, 0011000000), 
(0010000000, 0010100000), 
(0100000000, 1101000000), 
(1000000000, 0101100000)


(0000000001, 1011101010), 
(0000000010, 0110000110), 
(0000000100, 0110100011), 
(0000001000, 0010100010), 
(0000010000, 1001110010), 
(0000100000, 1101100000), 
(0001000000, 0010000000), 
(0010000000, 0010100000), 
(0100000000, 1011100000), 
(1000000000, 0101100000)


(1111110101)


1 0 0 1 0 1 0 0 1 0
1 1 0 1 1 1 0 0 1 1
0 0 0 1 1 0 1 1 0 0
1 0 0 0 1 1 1 0 1 1
1 0 1 0 0 1 0 1 0 1
0 0 0 1 0 0 0 0 0 0
1 1 1 1 1 0 0 0 0 0
0 0 0 0 1 0 0 0 0 0
0 0 1 0 0 0 0 0 0 0
1 0 0 0 0 0 0 0 0 0